15
20
25
30
34
35
40
45
50
60
70
75
80
90
100
110
120
125
130
140
150
160
180
200
250
300










































































































































































































































































































































































































































































































































































































































































































































































































































































































































































































