10
15
18
20
24
25
27
30
35
40
45
50
60
70
75
80
90
100
110
120
125
130
140
150
160
180
200








































































































































































































































































































































































































































































































































































































































































































































































































































































































































































































